  100,24.06.2025,04,06,07,17,20,30,31,33,43,46,48,49,51,54,60,67,70,71,78,88
  101,26.06.2025,03,07,14,19,24,31,34,35,44,46,50,53,63,66,67,74,76,77,78,85
  102,27.06.2025,07,20,23,26,37,40,46,48,55,56,58,63,64,69,75,78,79,82,87,90
  103,28.06.2025,21,25,32,34,36,40,41,46,48,51,52,54,60,63,76,80,82,84,85,89
  104,01.07.2025,21,23,26,30,36,41,45,48,50,56,59,63,66,70,71,77,83,84,87,89
  105,03.07.2025,10,11,19,20,26,27,33,34,37,38,40,46,47,48,50,66,72,74,78,85
  106,04.07.2025,01,04,06,07,08,12,19,20,22,26,30,44,45,53,57,65,67,70,77,83
  107,05.07.2025,05,17,20,22,23,25,30,42,46,59,60,65,71,78,84,85,86,87,89,90
  108,08.07.2025,05,12,13,15,24,25,29,31,48,52,54,56,60,64,66,73,79,82,83,84
  109,10.07.2025,07,12,21,24,25,26,29,40,46,49,50,51,52,63,79,80,81,84,85,86
  110,11.07.2025,01,10,13,17,27,28,29,38,39,45,46,54,55,59,60,62,68,75,79,84
  111,12.07.2025,06,08,19,20,21,25,27,29,30,32,33,34,36,43,45,47,66,67,72,78
  112,15.07.2025,03,05,12,18,20,26,28,31,32,34,36,44,46,47,56,57,58,59,60,81
  113,17.07.2025,04,05,09,22,23,27,33,40,44,45,46,52,59,65,67,69,72,75,76,89
  114,18.07.2025,01,14,17,19,20,22,26,27,31,33,38,40,48,51,62,71,76,83,87,89
  115,19.07.2025,02,07,09,10,18,19,36,37,39,51,57,62,63,64,66,69,70,71,74,83
  116,22.07.2025,03,08,11,17,22,29,30,33,35,38,39,45,52,54,55,58,62,64,79,84
  117,24.07.2025,04,13,17,18,19,24,27,32,35,41,49,52,55,59,69,71,77,79,82,87
  118,25.07.2025,06,07,13,16,24,27,28,29,34,43,46,52,53,54,59,62,72,75,77,84
  119,26.07.2025,05,07,08,09,12,16,30,34,38,39,40,56,63,67,70,78,80,81,84,88
  120,29.07.2025,13,16,28,35,36,40,43,44,45,50,52,53,56,57,63,70,72,73,75,83
  121,31.07.2025,01,02,04,17,18,28,34,35,36,37,42,44,46,51,54,62,71,72,73,89
  122,01.08.2025,02,05,06,14,16,21,38,40,45,46,49,57,60,61,62,63,68,78,83,90
  123,02.08.2025,06,10,16,20,25,29,33,39,44,49,50,52,65,68,74,76,80,84,85,88
  124,05.08.2025,05,12,19,24,28,30,42,43,44,49,52,55,57,61,66,67,73,79,80,90
  125,07.08.2025,02,07,13,21,22,24,28,38,42,60,64,68,72,76,79,82,84,85,86,87
  126,08.08.2025,07,08,09,10,15,25,26,33,36,37,51,53,56,59,63,72,84,86,87,90
  127,09.08.2025,06,11,17,20,30,32,33,38,42,51,55,64,65,68,74,75,80,81,83,84
  128,12.08.2025,03,12,16,21,24,29,38,39,44,46,50,55,60,64,68,73,75,78,82,85
  129,14.08.2025,01,04,27,28,29,38,43,48,50,52,54,56,57,63,77,79,81,83,85,86
  130,16.08.2025,09,11,17,22,25,27,30,38,40,45,46,53,54,57,60,61,66,75,78,86
  131,18.08.2025,01,02,14,15,16,18,20,24,29,37,42,43,44,45,46,71,76,77,82,88
  132,19.08.2025,01,02,06,12,13,14,16,22,24,32,53,58,60,62,63,70,73,84,85,88
  133,21.08.2025,01,05,15,19,23,25,26,29,39,41,48,51,52,54,55,65,78,82,83,86
  134,22.08.2025,02,03,05,06,09,14,18,22,28,29,43,47,59,61,74,75,77,79,82,84
  135,23.08.2025,05,09,21,24,25,28,29,31,33,35,38,40,41,53,57,58,67,78,82,87
  136,26.08.2025,03,08,09,11,13,17,18,20,32,48,50,52,56,59,60,65,70,71,78,82
  137,28.08.2025,11,12,15,20,28,32,35,47,48,50,51,52,67,69,73,75,84,87,88,90
  138,29.08.2025,03,05,14,17,19,21,22,31,40,48,51,54,61,68,74,76,78,81,84,85
  139,30.08.2025,05,07,23,31,35,37,39,44,48,49,51,54,55,56,71,73,79,84,85,88
  140,02.09.2025,04,05,06,09,11,17,18,20,23,26,31,34,36,43,55,69,74,77,86,89
  141,04.09.2025,02,09,14,24,35,36,37,40,42,53,54,57,58,63,69,70,72,73,79,86
  142,05.09.2025,03,05,06,07,08,12,15,16,17,20,21,38,44,46,50,60,73,75,78,80
  143,06.09.2025,01,02,08,09,18,23,24,26,27,38,49,55,59,60,61,65,66,76,80,84
  144,09.09.2025,20,25,28,29,33,40,47,49,50,51,60,63,66,67,78,80,83,85,86,88
  145,11.09.2025,09,12,22,24,34,35,40,41,44,51,57,59,60,62,65,73,74,77,80,89
  146,12.09.2025,02,06,09,12,15,19,23,24,32,39,42,52,54,63,64,68,69,76,77,84
  147,13.09.2025,10,14,15,21,25,38,39,40,41,45,47,54,57,60,72,74,81,83,85,90
  148,16.09.2025,15,18,19,23,24,26,27,28,29,33,35,37,55,57,62,74,78,80,84,89
  149,18.09.2025,08,20,22,23,24,27,32,38,43,47,52,53,58,64,66,70,72,73,75,84
  150,19.09.2025,03,07,15,23,24,30,31,34,37,38,42,45,55,60,62,69,73,75,77,90
  151,20.09.2025,20,21,23,26,27,28,34,36,38,46,47,50,58,63,69,70,73,74,75,82
  152,23.09.2025,07,08,10,21,22,24,27,38,48,50,55,58,60,61,62,69,80,83,84,90
  153,25.09.2025,02,03,10,12,13,15,22,24,42,52,58,60,64,68,71,72,73,79,81,87
  154,26.09.2025,03,06,12,13,15,18,23,24,27,34,37,38,39,40,44,54,59,84,85,90
  155,27.09.2025,01,10,15,18,23,26,28,33,38,42,50,51,55,57,58,60,62,66,74,80
  156,30.09.2025,05,12,14,16,38,42,46,56,59,61,63,64,67,68,69,74,79,80,81,84
  157,02.10.2025,06,08,10,14,17,20,25,26,29,30,37,38,39,40,44,59,60,69,77,89
  158,03.10.2025,02,04,06,10,15,23,24,27,36,42,51,53,54,56,62,68,69,70,84,85
  159,04.10.2025,05,06,09,12,17,20,24,25,30,32,36,40,42,46,49,54,55,71,72,77
  160,07.10.2025,04,05,06,15,21,22,28,35,38,42,43,46,52,53,57,76,79,80,81,90
  161,09.10.2025,02,07,08,09,10,14,15,18,28,29,32,33,34,42,65,66,71,73,76,81
  162,10.10.2025,01,13,18,20,22,33,38,43,46,50,51,52,58,65,67,69,70,78,79,86
  163,11.10.2025,04,06,11,13,16,25,27,29,32,35,36,39,41,47,60,61,67,72,78,81
  164,14.10.2025,06,07,09,15,17,24,25,27,28,34,48,49,53,57,58,66,68,72,82,84
  165,16.10.2025,03,07,14,18,22,26,29,37,38,40,43,51,60,61,62,63,66,78,80,84
  166,17.10.2025,05,12,13,17,21,22,36,38,42,43,54,57,59,63,65,67,75,77,89,90
  167,18.10.2025,03,08,11,14,15,21,23,25,32,45,49,54,59,66,67,68,72,79,81,88
  168,21.10.2025,11,13,14,22,25,27,40,43,49,50,53,55,56,67,68,74,78,79,88,89
  169,23.10.2025,07,08,12,15,19,20,25,28,29,31,39,42,48,59,69,72,81,83,85,86
  170,24.10.2025,03,04,11,13,21,22,27,31,32,33,35,43,45,58,68,73,75,77,84,88
  171,25.10.2025,09,18,21,24,26,28,29,31,34,36,39,40,45,54,58,64,68,75,79,80
  172,28.10.2025,03,14,18,26,36,41,42,43,48,55,62,67,69,71,77,79,80,81,87,88
  173,30.10.2025,02,04,06,07,08,12,13,15,17,47,49,53,59,65,67,68,73,74,84,90
  174,31.10.2025,02,10,14,23,24,28,30,31,43,44,46,50,53,56,62,64,71,72,77,86
  175,03.11.2025,01,11,15,20,21,22,28,29,32,33,50,57,64,65,66,71,74,75,80,90
  176,04.11.2025,09,11,15,21,23,30,35,37,47,49,52,55,65,66,72,82,84,85,88,90
  177,06.11.2025,10,12,15,16,17,18,25,32,39,43,62,65,66,67,73,75,78,84,86,87
  178,07.11.2025,04,05,16,23,24,26,30,37,39,41,44,53,66,73,75,81,85,86,87,90
  179,08.11.2025,01,08,10,11,18,20,21,32,36,47,51,55,56,57,59,72,75,86,87,90
  180,11.11.2025,07,09,11,22,25,27,40,41,51,58,59,60,62,64,66,67,71,74,81,84
  181,13.11.2025,02,08,14,17,18,19,23,25,32,35,40,41,46,57,60,65,69,71,78,87
  182,14.11.2025,01,09,16,36,41,43,44,45,46,48,52,53,56,61,67,68,72,73,81,84
  183,15.11.2025,10,17,25,26,27,31,36,47,53,57,60,61,66,67,72,74,76,77,83,89
  184,18.11.2025,05,07,08,14,17,24,27,35,36,42,45,48,51,52,57,60,69,77,78,82
  185,20.11.2025,02,04,09,24,32,38,39,41,42,43,54,55,57,68,69,70,76,78,88,90
  186,21.11.2025,01,06,19,21,24,25,28,29,30,33,37,43,44,53,56,59,70,74,77,82
  187,22.11.2025,05,07,08,16,17,22,24,27,31,32,44,46,67,68,76,77,81,82,87,90
  188,25.11.2025,01,06,10,12,14,20,33,34,39,41,47,48,55,66,73,77,78,79,86,90
  189,27.11.2025,01,03,04,05,06,07,09,16,21,25,30,31,32,34,49,60,65,66,74,75
  190,28.11.2025,05,07,08,26,27,30,31,38,39,43,49,52,57,67,74,75,78,80,81,84
  191,29.11.2025,12,21,22,23,25,26,28,30,36,40,51,52,61,62,71,72,78,80,81,90
  192,02.12.2025,04,09,12,14,15,23,25,28,29,39,49,50,57,60,61,62,63,67,79,83
  193,04.12.2025,06,12,18,22,26,27,34,35,36,39,45,47,48,50,53,56,72,75,81,90
  194,05.12.2025,02,15,16,18,22,23,24,25,32,38,44,49,58,65,68,69,83,87,88,90
  195,06.12.2025,01,07,11,12,19,23,25,27,30,34,41,43,45,60,65,69,75,76,79,81
  196,09.12.2025,01,11,12,13,16,18,21,22,29,35,38,42,47,56,63,65,70,76,80,81
  197,11.12.2025,02,06,07,11,17,18,24,32,36,39,41,45,54,56,76,77,81,84,86,89
  198,12.12.2025,02,10,18,19,25,28,38,40,45,57,60,66,70,71,74,75,76,78,84,88
  199,13.12.2025,10,11,17,21,35,37,39,45,59,61,63,67,68,71,72,73,76,81,84,86
  200,16.12.2025,13,15,17,20,23,32,39,40,41,43,52,53,55,58,60,62,76,78,82,85
  201,18.12.2025,08,11,13,18,19,20,32,34,44,45,48,50,61,64,67,72,75,78,81,90
  202,19.12.2025,01,02,05,10,15,22,23,29,31,33,45,52,59,65,72,73,78,80,81,88
  203,20.12.2025,03,05,06,19,34,40,44,46,48,50,53,55,61,63,66,75,77,78,79,82
  204,23.12.2025,01,02,09,10,12,18,22,25,29,32,45,48,49,56,57,62,63,79,82,90
  205,24.12.2025,02,06,07,08,10,14,20,25,37,43,44,47,48,49,60,63,74,77,86,87
  206,27.12.2025,08,11,12,21,24,26,30,35,37,40,41,45,46,50,53,65,68,78,87,89
  207,29.12.2025,01,05,10,21,22,24,25,29,30,31,36,45,47,52,55,59,71,72,78,87
  208,30.12.2025,02,03,07,08,15,16,20,21,26,29,36,43,61,64,65,66,70,79,82,86
    1,02.01.2026,01,05,14,19,21,41,46,48,53,54,61,64,66,69,70,72,73,77,83,86
    2,03.01.2026,02,07,13,15,16,19,21,22,33,34,36,42,45,51,62,65,67,78,81,86
    3,05.01.2026,04,10,12,14,20,22,29,30,41,51,52,53,54,55,56,59,60,62,71,74
    4,07.01.2026,02,04,05,08,14,16,27,28,31,35,41,44,46,54,66,67,74,78,87,88
    5,08.01.2026,01,05,06,12,14,20,22,37,47,51,52,60,66,68,69,70,75,77,81,82
    6,09.01.2026,03,06,14,16,23,26,28,32,38,39,44,48,50,52,59,60,68,76,78,80
    7,10.01.2026,05,09,11,12,13,19,23,35,40,46,48,53,54,65,67,68,71,79,84,85
    8,13.01.2026,02,03,04,05,12,16,21,23,48,49,57,59,60,62,67,68,74,75,85,89
    9,15.01.2026,09,11,17,22,25,28,29,47,56,58,59,64,65,67,73,75,76,81,85,88
   10,16.01.2026,04,16,17,25,31,32,36,38,42,44,55,56,57,61,65,68,77,78,84,86
   11,17.01.2026,04,06,11,12,18,31,32,37,41,44,48,49,50,58,67,75,76,80,83,86
   12,20.01.2026,08,12,16,23,29,38,43,44,48,49,51,59,64,70,73,77,78,86,87,89
   13,22.01.2026,01,03,07,08,14,16,17,24,26,30,35,42,49,51,52,62,65,82,83,90
   14,23.01.2026,03,06,08,10,13,18,21,25,28,33,38,41,42,44,47,53,58,71,74,76
   15,24.01.2026,01,02,09,13,23,24,26,28,30,48,55,64,66,71,74,75,76,78,81,84
   16,27.01.2026,02,03,04,11,12,13,14,15,18,19,22,23,30,31,42,48,67,69,79,85
   17,29.01.2026,02,03,04,12,15,20,26,28,29,42,48,50,52,57,68,71,72,73,75,81
   18,30.01.2026,06,07,08,16,22,28,37,42,46,47,49,51,52,59,61,67,70,74,77,80
   19,31.01.2026,02,04,06,08,10,13,14,21,22,27,29,33,38,39,48,62,67,71,72,82
   20,03.02.2026,07,15,20,21,23,24,26,30,41,47,50,52,65,71,72,75,76,79,84,85
   21,05.02.2026,03,04,05,12,13,14,16,21,25,28,29,43,49,56,59,60,63,68,73,78
   22,06.02.2026,01,04,08,09,16,18,23,26,30,33,41,48,55,58,59,75,77,78,82,89
   23,07.02.2026,05,07,08,13,15,19,25,30,31,35,37,42,45,52,59,62,64,65,66,87
   24,10.02.2026,02,10,14,20,26,29,31,34,36,39,43,44,47,50,60,61,63,75,78,87
   25,12.02.2026,02,07,09,20,26,27,29,51,52,56,59,71,73,76,77,79,81,87,89,90
   26,13.02.2026,01,03,04,07,08,16,20,26,33,37,44,45,51,54,57,58,68,70,71,72
   27,14.02.2026,04,06,09,19,21,23,27,37,39,40,49,51,61,64,67,73,77,79,89,90
   28,17.02.2026,03,06,09,10,12,14,19,25,30,31,40,41,47,55,62,65,66,72,86,88
   29,19.02.2026,07,09,10,28,29,37,45,46,47,52,58,61,66,68,69,73,79,84,86,90
   30,20.02.2026,03,06,07,14,19,24,27,31,38,40,50,52,56,57,64,67,70,71,72,88
   31,21.02.2026,01,02,06,11,23,27,28,30,31,32,35,39,56,57,63,65,68,70,72,74
   32,24.02.2026,15,19,26,27,31,38,39,42,44,45,49,57,62,65,68,70,71,78,81,88
   33,26.02.2026,07,13,19,22,23,25,26,30,36,37,39,45,46,54,59,69,78,81,83,86
   34,27.02.2026,01,05,10,14,20,21,22,23,24,31,36,41,44,46,50,56,58,77,82,87
   35,28.02.2026,04,11,24,26,29,32,37,43,44,50,51,59,63,66,68,70,73,78,80,83
   36,03.03.2026,04,05,06,14,23,24,32,36,37,41,42,47,48,49,60,66,68,73,82,88
   37,05.03.2026,01,02,04,05,07,15,21,23,29,33,43,45,47,49,51,65,81,84,85,89
   38,06.03.2026,01,04,13,14,18,29,36,38,39,41,43,49,51,59,67,72,75,76,83,87
   39,07.03.2026,04,10,11,15,18,19,21,23,27,28,39,41,49,51,57,70,72,76,89,90
   40,10.03.2026,12,14,16,18,21,22,27,31,34,35,38,39,46,54,61,66,71,75,88,89
   41,12.03.2026,02,25,27,33,35,37,48,49,50,51,55,59,60,63,64,66,71,72,75,83
   42,13.03.2026,05,15,21,24,25,35,42,44,45,46,49,50,51,58,61,71,72,78,80,84
   43,14.03.2026,08,11,16,22,34,38,39,44,46,52,56,57,62,64,66,69,76,84,85,88
   44,17.03.2026,06,07,15,17,21,26,28,33,39,41,43,49,54,58,62,64,68,82,88,90
   45,19.03.2026,02,05,12,14,18,26,28,34,35,37,47,51,52,58,59,60,64,72,86,88
   46,20.03.2026,16,23,25,26,29,33,36,41,42,43,48,49,50,51,58,62,70,83,84,86
   47,21.03.2026,06,07,10,17,18,22,24,29,36,40,43,51,56,65,66,76,79,81,83,84
   48,24.03.2026,06,09,14,15,16,17,24,27,38,41,46,51,57,62,70,73,84,85,88,90
   49,26.03.2026,16,19,20,21,26,27,29,33,35,44,48,49,52,58,59,60,69,73,77,83
   50,27.03.2026,07,08,09,14,16,21,23,29,33,36,43,50,52,66,67,69,71,80,85,88
   51,28.03.2026,01,04,07,13,19,26,29,38,47,48,52,53,57,58,66,67,79,81,87,90
   52,31.03.2026,07,09,15,16,17,18,24,25,28,34,40,52,53,58,61,64,65,80,84,87
   53,02.04.2026,01,05,06,10,14,15,20,21,36,39,46,53,54,55,60,64,69,79,86,89
   54,03.04.2026,04,09,12,14,24,25,45,49,51,52,53,57,68,70,73,74,75,79,81,90
   55,04.04.2026,01,07,13,16,18,21,23,24,36,38,40,52,64,69,72,80,81,83,84,86
   56,07.04.2026,05,12,20,23,31,38,39,43,48,54,57,58,60,65,70,71,73,76,80,82
   57,09.04.2026,03,09,14,19,26,30,32,38,41,43,44,49,50,52,57,68,77,81,84,90
   58,10.04.2026,02,07,08,09,11,19,28,30,31,33,41,43,44,60,62,72,75,76,79,81
   59,11.04.2026,05,08,09,13,14,23,47,50,54,56,58,61,62,65,75,76,80,83,85,87
   60,14.04.2026,04,07,12,13,14,30,32,33,37,40,43,47,48,50,64,72,73,75,76,85
   61,16.04.2026,02,04,15,17,22,25,26,30,32,35,42,46,48,67,71,72,77,81,87,90
   62,17.04.2026,02,14,15,21,26,27,30,31,34,47,54,60,64,65,67,68,74,75,79,82
   63,18.04.2026,01,05,11,15,20,23,24,32,34,37,42,44,46,56,58,60,69,71,85,87
   64,21.04.2026,06,07,09,10,11,16,23,32,42,43,48,52,55,59,67,71,75,76,88,90
   65,23.04.2026,05,06,07,09,19,22,23,33,37,41,46,47,52,55,61,64,71,73,84,89
   66,24.04.2026,07,13,15,22,25,30,36,39,43,49,55,69,71,72,75,78,83,85,88,89
   67,27.04.2026,01,04,05,15,17,19,24,26,37,38,39,40,43,55,68,70,71,78,80,85
   68,28.04.2026,05,21,22,33,34,36,40,44,45,47,49,50,58,59,62,64,68,70,77,80
   69,30.04.2026,01,02,06,08,27,28,35,38,39,46,50,54,56,57,58,62,65,74,76,82
   70,02.05.2026,01,09,18,21,28,32,35,42,43,46,49,53,58,62,64,65,70,75,81,86
   71,04.05.2026,02,07,10,15,16,18,22,23,24,25,28,40,41,51,54,70,71,72,80,89
   72,05.05.2026,09,13,14,19,20,29,32,34,43,47,50,51,60,68,69,71,77,78,81,88
   73,07.05.2026,01,04,07,11,14,15,18,24,30,44,48,58,60,62,67,70,73,81,84,86
   74,08.05.2026,07,08,09,17,26,30,32,33,38,39,40,41,45,49,56,64,71,80,82,83
   75,09.05.2026,02,15,27,28,34,36,38,41,51,54,58,62,64,65,66,69,75,76,81,87
   76,12.05.2026,05,13,17,20,23,32,33,36,41,42,48,50,61,63,65,72,79,80,86,90
   77,14.05.2026,01,18,29,32,33,34,37,40,46,48,50,51,54,57,62,67,70,84,86,89
   78,15.05.2026,02,03,04,06,07,11,12,18,34,38,40,46,48,49,57,63,64,80,83,89
   79,16.05.2026,08,09,15,29,30,46,50,52,57,58,61,62,63,68,73,80,82,84,85,86
   80,19.05.2026,10,23,26,30,31,35,37,38,39,42,43,47,56,58,66,68,75,78,86,89
   81,21.05.2026,02,04,05,21,23,29,31,37,40,44,56,61,64,65,68,73,79,85,86,88
   82,22.05.2026,10,12,14,16,24,25,42,45,48,50,51,58,61,62,66,71,73,74,77,81
   83,23.05.2026,03,10,12,15,19,25,26,30,31,34,35,38,43,44,49,53,68,72,83,88
   84,26.05.2026,03,17,18,23,26,29,30,31,35,37,39,44,60,68,72,74,78,79,82,87
   85,28.05.2026,02,03,06,07,16,18,19,21,22,25,46,49,54,59,63,73,75,80,88,89
   86,29.05.2026,03,07,10,12,20,26,27,28,29,30,33,34,36,56,60,68,76,84,87,90
   87,30.05.2026,01,05,14,15,18,23,33,34,47,54,60,61,62,67,71,72,76,78,84,87
   88,03.06.2026,04,05,06,07,15,23,24,36,37,40,48,49,53,61,63,65,71,79,81,85
   89,04.06.2026,02,14,17,20,21,24,25,30,33,48,56,58,59,62,63,69,73,76,78,89
   90,05.06.2026,04,08,10,11,15,24,27,33,36,39,47,50,56,57,60,68,71,75,79,89
   91,06.06.2026,04,16,31,34,35,37,38,40,44,45,59,61,62,64,65,68,70,72,76,79
   92,09.06.2026,03,10,12,27,28,31,33,35,37,43,52,55,66,68,71,74,81,82,85,90
   93,11.06.2026,03,10,23,24,32,40,42,53,55,56,59,64,76,77,79,81,85,86,87,89
   94,12.06.2026,08,09,23,32,37,38,40,45,46,51,55,56,59,65,69,71,76,77,79,87
   95,13.06.2026,03,05,16,19,25,29,34,39,42,46,48,62,65,67,70,75,77,82,84,86
   96,16.06.2026,10,12,15,16,18,19,21,34,36,37,40,41,42,44,50,61,62,64,67,70
   97,18.06.2026,01,12,15,20,29,34,37,39,46,55,56,62,64,65,68,70,82,84,85,86
   98,19.06.2026,02,05,06,13,14,18,23,36,41,43,47,50,58,60,61,69,75,79,86,90
   99,20.06.2026,07,08,17,23,24,32,34,37,42,51,56,58,61,69,74,75,78,79,88,90
  100,23.06.2026,02,03,05,12,16,17,19,24,27,28,42,43,49,55,58,65,69,70,84,88
  101,25.06.2026,05,07,11,18,23,24,25,29,37,42,49,51,55,57,59,64,69,78,82,84
  102,26.06.2026,02,03,12,17,20,21,27,29,34,36,37,52,56,59,65,68,77,79,81,87
  103,27.06.2026,09,15,17,32,41,42,43,46,50,52,54,56,65,69,70,72,77,81,82,86
  104,30.06.2026,07,10,14,24,28,32,34,41,45,54,58,59,66,67,70,73,77,81,85,86
  105,02.07.2026,02,03,05,08,14,23,32,36,40,50,51,52,58,62,63,78,80,82,88,90
  106,03.07.2026,02,04,07,10,15,21,26,29,31,37,40,43,47,50,51,54,59,76,86,89
  107,04.07.2026,05,06,12,22,24,29,32,35,38,56,61,71,76,77,79,80,81,82,87,88
  108,07.07.2026,02,04,11,14,19,23,24,26,27,31,49,50,51,53,58,63,71,79,80,90
  109,09.07.2026,01,10,22,26,33,35,36,38,39,40,44,46,48,53,61,65,69,75,83,90
  110,10.07.2026,05,17,39,45,46,49,51,54,56,58,59,60,67,69,71,84,85,87,88,89
  111,11.07.2026,02,12,14,15,24,27,31,32,33,42,49,52,53,54,68,70,74,77,81,90
  112,14.07.2026,02,07,08,09,12,18,28,29,31,36,46,48,51,52,54,60,66,68,76,84
  113,16.07.2026,01,02,08,10,12,15,17,18,23,27,32,36,43,45,63,72,76,78,80,86
  114,17.07.2026,01,05,25,29,35,37,39,43,49,51,52,63,66,67,69,72,73,75,85,87
  115,18.07.2026,06,08,09,10,13,14,22,30,32,44,47,51,55,59,62,63,65,69,74,89
  116,21.07.2026,01,15,24,32,36,42,47,48,52,60,64,68,69,70,75,77,78,82,85,89
  117,23.07.2026,04,13,17,18,30,31,40,48,54,57,58,59,64,75,76,78,81,84,85,89
  118,24.07.2026,03,07,12,14,15,16,21,24,29,40,42,43,56,59,60,64,68,71,72,88
  119,25.07.2026,03,11,14,19,22,23,25,26,28,29,36,41,61,62,66,75,80,86,89,90
  120,28.07.2026,01,08,09,10,11,23,27,35,38,47,55,60,66,69,71,75,80,82,88,89
  121,30.07.2026,09,11,19,35,39,40,42,50,56,57,60,63,64,68,69,72,73,78,83,87
  122,31.07.2026,01,11,19,29,32,35,41,49,51,55,58,60,69,73,81,82,85,86,89,90
  123,01.08.2026,01,04,10,13,21,23,30,32,36,46,54,59,61,73,74,76,77,78,84,89
  124,04.08.2026,04,05,06,12,18,24,25,28,33,37,40,42,47,49,62,70,75,77,86,88
  125,06.08.2026,01,04,07,08,16,18,21,22,44,46,50,52,53,58,59,61,63,65,69,74
  126,07.08.2026,01,05,13,16,21,23,27,28,33,44,48,53,56,62,63,70,71,75,83,84
  127,08.08.2026,01,10,24,27,28,32,35,36,37,47,49,50,54,55,66,78,80,85,88,90
  128,11.08.2026,02,04,05,15,17,21,29,31,38,40,41,45,60,64,72,78,79,82,87,88
  129,13.08.2026,11,24,26,28,32,42,43,45,46,47,48,49,55,66,70,73,80,83,84,88
  130,14.08.2026,08,10,22,23,29,31,33,40,53,56,64,69,70,72,73,74,79,81,84,86
  131,17.08.2026,05,09,12,13,17,20,21,22,25,30,32,39,41,42,44,63,66,78,79,88
  132,18.08.2026,03,15,22,26,35,37,39,46,55,59,60,61,62,67,71,76,77,81,82,83
  133,20.08.2026,06,07,11,18,19,25,27,30,31,32,45,56,63,67,71,72,75,81,83,84
  134,21.08.2026,01,02,07,13,15,17,22,28,34,40,46,52,54,57,63,66,76,81,82,87
  135,22.08.2026,17,18,23,24,28,36,38,41,46,59,61,62,64,67,71,72,79,80,81,83
