1, 01/01/2026, 8, 10, 13, 24, 36
2, 02/01/2026, 21, 25, 26, 31, 33
3, 03/01/2026, 10, 11, 18, 23, 30
4, 04/01/2026, 3, 6, 18, 29, 37
5, 05/01/2026, 1, 18, 24, 25, 31
6, 06/01/2026, 1, 25, 26, 35, 39
7, 07/01/2026, 15, 18, 25, 36, 38
8, 08/01/2026, 2, 11, 12, 25, 30
9, 09/01/2026, 2, 6, 8, 12, 37
10, 10/01/2026, 2, 19, 20, 37, 39
11, 11/01/2026, 6, 9, 24, 31, 33
12, 12/01/2026, 1, 10, 14, 19, 33
13, 13/01/2026, 6, 10, 25, 29, 36
14, 14/01/2026, 11, 21, 25, 27, 37
15, 15/01/2026, 11, 14, 16, 27, 39
16, 16/01/2026, 15, 17, 18, 20, 31
17, 17/01/2026, 4, 7, 11, 22, 26
18, 18/01/2026, 1, 29, 34, 37, 39
19, 19/01/2026, 8, 11, 15, 20, 36
20, 20/01/2026, 2, 6, 17, 23, 27
21, 21/01/2026, 5, 6, 7, 10, 40
22, 22/01/2026, 4, 21, 23, 25, 28
23, 23/01/2026, 5, 8, 21, 28, 30
24, 24/01/2026, 1, 23, 25, 26, 32
25, 25/01/2026, 8, 9, 20, 24, 33
26, 26/01/2026, 3, 9, 10, 16, 21
27, 27/01/2026, 7, 8, 13, 16, 25
28, 28/01/2026, 5, 10, 13, 18, 31
29, 29/01/2026, 3, 7, 15, 28, 36
30, 30/01/2026, 1, 19, 20, 21, 23
31, 31/01/2026, 5, 6, 9, 15, 28
32, 01/02/2026, 3, 8, 13, 14, 17
33, 02/02/2026, 8, 10, 18, 30, 37
34, 03/02/2026, 10, 14, 29, 35, 36
35, 04/02/2026, 1, 4, 28, 33, 35
36, 05/02/2026, 5, 17, 18, 30, 34
37, 06/02/2026, 12, 18, 23, 32, 34
38, 07/02/2026, 8, 15, 18, 26, 33
39, 08/02/2026, 2, 12, 16, 33, 38
40, 09/02/2026, 2, 16, 21, 25, 34
41, 10/02/2026, 13, 14, 22, 30, 37
42, 11/02/2026, 10, 17, 21, 22, 30
43, 12/02/2026, 2, 6, 30, 31, 37
44, 13/02/2026, 5, 6, 7, 20, 28
45, 14/02/2026, 9, 16, 18, 25, 31
46, 15/02/2026, 1, 5, 15, 23, 33
47, 16/02/2026, 1, 13, 14, 17, 38
48, 17/02/2026, 12, 15, 21, 36, 40
49, 18/02/2026, 12, 19, 33, 34, 36
50, 19/02/2026, 3, 4, 14, 16, 22
51, 20/02/2026, 1, 7, 9, 11, 13
52, 21/02/2026, 3, 11, 16, 31, 34
53, 22/02/2026, 8, 13, 25, 32, 36
54, 23/02/2026, 5, 17, 30, 36, 39
55, 24/02/2026, 12, 19, 20, 23, 25
56, 25/02/2026, 8, 29, 34, 36, 40
57, 26/02/2026, 9, 15, 16, 24, 28
58, 27/02/2026, 7, 18, 24, 25, 35
59, 28/02/2026, 16, 25, 27, 32, 38
60, 01/03/2026, 5, 13, 15, 20, 29
61, 02/03/2026, 14, 19, 31, 35, 40
62, 03/03/2026, 6, 11, 14, 23, 39
63, 04/03/2026, 6, 13, 21, 25, 28
64, 05/03/2026, 31, 33, 37, 39, 40
65, 06/03/2026, 17, 21, 24, 29, 34
66, 07/03/2026, 23, 26, 27, 29, 38
67, 08/03/2026, 8, 17, 20, 35, 38
68, 09/03/2026, 10, 20, 22, 28, 30
69, 10/03/2026, 1, 3, 18, 30, 36
70, 11/03/2026, 9, 14, 18, 22, 28
71, 12/03/2026, 4, 19, 20, 38, 40
72, 13/03/2026, 8, 17, 18, 33, 37
73, 14/03/2026, 1, 9, 27, 35, 39
74, 15/03/2026, 17, 23, 34, 37, 40
75, 16/03/2026, 12, 20, 34, 36, 37
76, 17/03/2026, 3, 6, 13, 28, 30
77, 18/03/2026, 12, 20, 26, 33, 39
78, 19/03/2026, 8, 11, 21, 23, 35
79, 20/03/2026, 1, 4, 12, 15, 18
80, 21/03/2026, 3, 10, 24, 27, 32
81, 22/03/2026, 8, 24, 29, 35, 38
82, 23/03/2026, 7, 17, 23, 27, 35
83, 24/03/2026, 4, 5, 8, 12, 16
84, 25/03/2026, 22, 25, 32, 33, 38
85, 26/03/2026, 1, 28, 36, 37, 40
86, 27/03/2026, 2, 11, 14, 15, 16
87, 28/03/2026, 10, 23, 33, 38, 39
88, 29/03/2026, 8, 22, 28, 30, 38
89, 30/03/2026, 3, 11, 15, 31, 38
90, 31/03/2026, 1, 8, 28, 30, 31
91, 01/04/2026, 2, 6, 23, 34, 36
92, 02/04/2026, 3, 13, 28, 31, 39
93, 03/04/2026, 10, 12, 16, 20, 34
94, 04/04/2026, 13, 17, 23, 36, 40
95, 05/04/2026, 4, 7, 12, 15, 32
96, 06/04/2026, 16, 20, 22, 34, 38
97, 07/04/2026, 2, 9, 12, 16, 29
98, 08/04/2026, 2, 10, 24, 31, 38
99, 09/04/2026, 7, 15, 16, 28, 39
100, 10/04/2026, 2, 3, 10, 13, 21
101, 11/04/2026, 18, 20, 24, 27, 36
102, 12/04/2026, 9, 20, 25, 26, 40
103, 13/04/2026, 5, 6, 27, 36, 38
104, 14/04/2026, 10, 12, 17, 29, 33
105, 15/04/2026, 23, 26, 27, 34, 35
106, 16/04/2026, 1, 15, 22, 36, 37
107, 17/04/2026, 2, 13, 20, 28, 31
108, 18/04/2026, 7, 18, 24, 33, 34
109, 19/04/2026, 21, 22, 28, 32, 37
110, 20/04/2026, 4, 17, 37, 39, 40
111, 21/04/2026, 7, 10, 22, 28, 32
112, 22/04/2026, 8, 25, 29, 37, 39
113, 23/04/2026, 2, 6, 14, 25, 38
114, 24/04/2026, 1, 3, 26, 33, 40
115, 25/04/2026, 3, 13, 14, 23, 32
116, 26/04/2026, 17, 26, 27, 31, 32
117, 27/04/2026, 2, 3, 13, 28, 32
118, 28/04/2026, 3, 6, 20, 23, 32
119, 29/04/2026, 3, 8, 25, 38, 40
120, 30/04/2026, 2, 12, 16, 18, 35
121, 01/05/2026, 18, 20, 22, 28, 38
122, 02/05/2026, 9, 16, 18, 21, 23
123, 03/05/2026, 6, 16, 20, 23, 40
124, 04/05/2026, 10, 19, 22, 27, 40
125, 05/05/2026, 2, 9, 14, 26, 29
126, 06/05/2026, 7, 12, 19, 23, 29
127, 07/05/2026, 1, 13, 21, 23, 37
128, 08/05/2026, 6, 8, 15, 19, 38
129, 09/05/2026, 5, 12, 16, 23, 31
130, 10/05/2026, 1, 7, 13, 20, 33
131, 11/05/2026, 11, 17, 30, 31, 32
132, 12/05/2026, 10, 14, 20, 28, 38
133, 13/05/2026, 10, 19, 25, 29, 32
134, 14/05/2026, 8, 14, 28, 35, 40
135, 15/05/2026, 12, 13, 14, 37, 40
136, 16/05/2026, 16, 32, 35, 36, 40
137, 17/05/2026, 12, 24, 33, 38, 40
138, 18/05/2026, 3, 4, 14, 19, 26
139, 19/05/2026, 1, 23, 31, 35, 39
140, 20/05/2026, 1, 5, 10, 15, 30
141, 21/05/2026, 6, 13, 25, 39, 40
142, 22/05/2026, 11, 34, 35, 36, 38
143, 23/05/2026, 12, 15, 17, 22, 31
144, 24/05/2026, 2, 3, 5, 25, 28
145, 25/05/2026, 1, 14, 23, 31, 33
146, 26/05/2026, 10, 16, 23, 27, 31
147, 27/05/2026, 18, 21, 26, 27, 40
148, 28/05/2026, 11, 21, 22, 25, 34
149, 29/05/2026, 4, 6, 13, 25, 26
150, 30/05/2026, 4, 13, 23, 35, 38
151, 31/05/2026, 4, 7, 14, 30, 31
152, 01/06/2026, 8, 12, 23, 32, 39
153, 02/06/2026, 2, 11, 14, 34, 36
154, 03/06/2026, 6, 12, 21, 25, 36
155, 04/06/2026, 6, 9, 16, 28, 37
156, 05/06/2026, 7, 13, 16, 26, 36
157, 06/06/2026, 7, 15, 24, 31, 33
158, 07/06/2026, 4, 19, 27, 29, 36
159, 08/06/2026, 3, 5, 18, 30, 35
160, 09/06/2026, 1, 11, 14, 28, 36
161, 10/06/2026, 1, 17, 20, 33, 39
162, 11/06/2026, 11, 13, 14, 25, 26
163, 12/06/2026, 10, 13, 15, 19, 26
164, 13/06/2026, 4, 10, 11, 15, 32
165, 14/06/2026, 2, 4, 12, 32, 35
166, 15/06/2026, 2, 15, 27, 31, 37
167, 16/06/2026, 8, 28, 29, 34, 35
168, 17/06/2026, 4, 22, 28, 31, 40
169, 18/06/2026, 10, 14, 15, 18, 32
170, 19/06/2026, 1, 8, 9, 12, 35
171, 20/06/2026, 30, 33, 34, 37, 38
172, 21/06/2026, 5, 7, 19, 29, 39
173, 22/06/2026, 5, 11, 13, 32, 40
174, 23/06/2026, 17, 28, 29, 32, 34
175, 24/06/2026, 4, 18, 23, 27, 32
176, 25/06/2026, 1, 8, 15, 20, 30
177, 26/06/2026, 3, 7, 19, 28, 29
178, 27/06/2026, 25, 27, 29, 33, 39
179, 28/06/2026, 8, 21, 23, 32, 38
180, 29/06/2026, 4, 22, 25, 31, 37
181, 30/06/2026, 7, 10, 12, 28, 39
182, 01/07/2026, 8, 10, 21, 24, 29
183, 02/07/2026, 12, 32, 34, 38, 40
184, 03/07/2026, 20, 23, 31, 32, 38
185, 04/07/2026, 3, 7, 10, 20, 25
186, 05/07/2026, 2, 31, 34, 37, 38
187, 06/07/2026, 9, 12, 28, 37, 38
188, 07/07/2026, 1, 2, 9, 27, 40
189, 08/07/2026, 1, 8, 11, 24, 26
190, 09/07/2026, 6, 17, 25, 34, 39
191, 10/07/2026, 12, 15, 24, 36, 39
192, 11/07/2026, 2, 10, 22, 32, 37
193, 12/07/2026, 7, 12, 23, 25, 37
194, 13/07/2026, 10, 14, 15, 34, 38
195, 14/07/2026, 8, 12, 13, 34, 35
196, 15/07/2026, 5, 15, 31, 33, 37
197, 16/07/2026, 11, 28, 30, 36, 38
198, 17/07/2026, 3, 17, 22, 36, 39
199, 18/07/2026, 2, 11, 14, 24, 28
200, 19/07/2026, 10, 13, 21, 29, 38
201, 20/07/2026, 2, 7, 17, 26, 38
202, 21/07/2026, 16, 20, 24, 31, 34
203, 22/07/2026, 6, 19, 21, 34, 39
204, 23/07/2026, 20, 35, 36, 37, 40
205, 24/07/2026, 11, 29, 36, 38, 40
206, 25/07/2026, 4, 5, 18, 19, 28
207, 26/07/2026, 5, 6, 10, 16, 36
208, 27/07/2026, 6, 9, 22, 30, 37
209, 28/07/2026, 3, 16, 28, 32, 33
210, 29/07/2026, 4, 7, 16, 28, 40
211, 30/07/2026, 3, 15, 23, 25, 35
212, 31/07/2026, 5, 9, 22, 24, 25
213, 01/08/2026, 2, 5, 19, 21, 26
214, 02/08/2026, 14, 16, 17, 18, 28
215, 03/08/2026, 6, 10, 30, 36, 39
216, 04/08/2026, 18, 20, 24, 26, 37
217, 05/08/2026, 3, 4, 26, 37, 40
218, 06/08/2026, 12, 15, 28, 29, 31
219, 07/08/2026, 7, 12, 13, 23, 33
220, 08/08/2026, 4, 19, 23, 30, 35
221, 09/08/2026, 15, 23, 27, 38, 40
222, 10/08/2026, 10, 11, 20, 24, 26
223, 11/08/2026, 4, 14, 21, 26, 28
224, 12/08/2026, 2, 8, 31, 37, 39
225, 13/08/2026, 1, 5, 9, 27, 31
226, 14/08/2026, 8, 15, 21, 25, 30
227, 15/08/2026, 16, 17, 19, 25, 39
228, 16/08/2026, 4, 5, 9, 15, 31
